G A L M F W K Q E S P V I C Y H R N D T
10 3 3 3 3 3 0 0 0 0 3 3 3 0 3 0 0 0 0 0
3 10 3 3 3 3 0 0 0 0 3 3 3 0 3 0 0 0 0 0
3 3 10 3 3 3 0 0 0 0 3 3 3 0 3 0 0 0 0 0
3 3 3 10 3 3 0 0 0 0 3 3 3 0 3 0 0 0 0 0
3 3 3 3 10 3 0 0 0 0 3 3 3 0 3 0 0 0 0 0
3 3 3 3 3 10 0 0 0 0 3 3 3 0 3 0 0 0 0 0
0 0 0 0 0 0 10 3 3 3 0 0 0 3 0 3 3 3 3 3
0 0 0 0 0 0 3 10 3 3 0 0 0 3 0 3 3 3 3 3
0 0 0 0 0 0 3 3 10 3 0 0 0 3 0 3 3 3 3 3
0 0 0 0 0 0 3 3 3 10 0 0 0 3 0 3 3 3 3 3
3 3 3 3 3 3 0 0 0 0 10 3 3 0 3 0 0 0 0 0
3 3 3 3 3 3 0 0 0 0 3 10 3 0 3 0 0 0 0 0
3 3 3 3 3 3 0 0 0 0 3 3 10 0 3 0 0 0 0 0
0 0 0 0 0 0 3 3 3 3 0 0 0 10 0 3 3 3 3 3
3 3 3 3 3 3 0 0 0 0 3 3 3 0 10 0 0 0 0 0
0 0 0 0 0 0 3 3 3 3 0 0 0 3 0 10 3 3 3 3
0 0 0 0 0 0 3 3 3 3 0 0 0 3 0 3 10 3 3 3
0 0 0 0 0 0 3 3 3 3 0 0 0 3 0 3 3 10 3 3
0 0 0 0 0 0 3 3 3 3 0 0 0 3 0 3 3 3 10 3
0 0 0 0 0 0 3 3 3 3 0 0 0 3 0 3 3 3 3 10
